1
0 1 
00000001
00000000 00000001 
2
0 2 
00000010
00000000 00000010 
3
0 1 2 3 
00000011
00000000 00000001 00000010 00000011 
4
0 4 
00000100
00000000 00000100 
5
0 1 4 5 
00000101
00000000 00000001 00000100 00000101 
6
0 2 4 6 
00000110
00000000 00000010 00000100 00000110 
7
0 1 2 3 4 5 6 7 
00000111
00000000 00000001 00000010 00000011 00000100 00000101 00000110 00000111 
8
0 8 
00001000
00000000 00001000 
9
0 1 8 9 
00001001
00000000 00000001 00001000 00001001 
10
0 2 8 10 
00001010
00000000 00000010 00001000 00001010 
11
0 1 2 3 8 9 10 11 
00001011
00000000 00000001 00000010 00000011 00001000 00001001 00001010 00001011 
12
0 4 8 12 
00001100
00000000 00000100 00001000 00001100 
13
0 1 4 5 8 9 12 13 
00001101
00000000 00000001 00000100 00000101 00001000 00001001 00001100 00001101 
14
0 2 4 6 8 10 12 14 
00001110
00000000 00000010 00000100 00000110 00001000 00001010 00001100 00001110 
15
0 1 2 3 4 5 6 7 8 9 10 11 12 13 14 15 
00001111
00000000 00000001 00000010 00000011 00000100 00000101 00000110 00000111 00001000 00001001 00001010 00001011 00001100 00001101 00001110 00001111 
16
0 16 
00010000
00000000 00010000 
17
0 1 16 17 
00010001
00000000 00000001 00010000 00010001 
18
0 2 16 18 
00010010
00000000 00000010 00010000 00010010 
19
0 1 2 3 16 17 18 19 
00010011
00000000 00000001 00000010 00000011 00010000 00010001 00010010 00010011 
20
0 4 16 20 
00010100
00000000 00000100 00010000 00010100 
21
0 1 4 5 16 17 20 21 
00010101
00000000 00000001 00000100 00000101 00010000 00010001 00010100 00010101 
22
0 2 4 6 16 18 20 22 
00010110
00000000 00000010 00000100 00000110 00010000 00010010 00010100 00010110 
23
0 1 2 3 4 5 6 7 16 17 18 19 20 21 22 23 
00010111
00000000 00000001 00000010 00000011 00000100 00000101 00000110 00000111 00010000 00010001 00010010 00010011 00010100 00010101 00010110 00010111 
24
0 8 16 24 
00011000
00000000 00001000 00010000 00011000 
25
0 1 8 9 16 17 24 25 
00011001
00000000 00000001 00001000 00001001 00010000 00010001 00011000 00011001 
26
0 2 8 10 16 18 24 26 
00011010
00000000 00000010 00001000 00001010 00010000 00010010 00011000 00011010 
27
0 1 2 3 8 9 10 11 16 17 18 19 24 25 26 27 
00011011
00000000 00000001 00000010 00000011 00001000 00001001 00001010 00001011 00010000 00010001 00010010 00010011 00011000 00011001 00011010 00011011 
28
0 4 8 12 16 20 24 28 
00011100
00000000 00000100 00001000 00001100 00010000 00010100 00011000 00011100 
29
0 1 4 5 8 9 12 13 16 17 20 21 24 25 28 29 
00011101
00000000 00000001 00000100 00000101 00001000 00001001 00001100 00001101 00010000 00010001 00010100 00010101 00011000 00011001 00011100 00011101 
30
0 2 4 6 8 10 12 14 16 18 20 22 24 26 28 30 
00011110
00000000 00000010 00000100 00000110 00001000 00001010 00001100 00001110 00010000 00010010 00010100 00010110 00011000 00011010 00011100 00011110 
31
0 1 2 3 4 5 6 7 8 9 10 11 12 13 14 15 16 17 18 19 20 21 22 23 24 25 26 27 28 29 30 31 
00011111
00000000 00000001 00000010 00000011 00000100 00000101 00000110 00000111 00001000 00001001 00001010 00001011 00001100 00001101 00001110 00001111 00010000 00010001 00010010 00010011 00010100 00010101 00010110 00010111 00011000 00011001 00011010 00011011 00011100 00011101 00011110 00011111 
32
0 32 
00100000
00000000 00100000 
33
0 1 32 33 
00100001
00000000 00000001 00100000 00100001 
34
0 2 32 34 
00100010
00000000 00000010 00100000 00100010 
35
0 1 2 3 32 33 34 35 
00100011
00000000 00000001 00000010 00000011 00100000 00100001 00100010 00100011 
36
0 4 32 36 
00100100
00000000 00000100 00100000 00100100 
37
0 1 4 5 32 33 36 37 
00100101
00000000 00000001 00000100 00000101 00100000 00100001 00100100 00100101 
38
0 2 4 6 32 34 36 38 
00100110
00000000 00000010 00000100 00000110 00100000 00100010 00100100 00100110 
39
0 1 2 3 4 5 6 7 32 33 34 35 36 37 38 39 
00100111
00000000 00000001 00000010 00000011 00000100 00000101 00000110 00000111 00100000 00100001 00100010 00100011 00100100 00100101 00100110 00100111 
40
0 8 32 40 
00101000
00000000 00001000 00100000 00101000 
41
0 1 8 9 32 33 40 41 
00101001
00000000 00000001 00001000 00001001 00100000 00100001 00101000 00101001 
42
0 2 8 10 32 34 40 42 
00101010
00000000 00000010 00001000 00001010 00100000 00100010 00101000 00101010 
43
0 1 2 3 8 9 10 11 32 33 34 35 40 41 42 43 
00101011
00000000 00000001 00000010 00000011 00001000 00001001 00001010 00001011 00100000 00100001 00100010 00100011 00101000 00101001 00101010 00101011 
44
0 4 8 12 32 36 40 44 
00101100
00000000 00000100 00001000 00001100 00100000 00100100 00101000 00101100 
45
0 1 4 5 8 9 12 13 32 33 36 37 40 41 44 45 
00101101
00000000 00000001 00000100 00000101 00001000 00001001 00001100 00001101 00100000 00100001 00100100 00100101 00101000 00101001 00101100 00101101 
46
0 2 4 6 8 10 12 14 32 34 36 38 40 42 44 46 
00101110
00000000 00000010 00000100 00000110 00001000 00001010 00001100 00001110 00100000 00100010 00100100 00100110 00101000 00101010 00101100 00101110 
47
0 1 2 3 4 5 6 7 8 9 10 11 12 13 14 15 32 33 34 35 36 37 38 39 40 41 42 43 44 45 46 47 
00101111
00000000 00000001 00000010 00000011 00000100 00000101 00000110 00000111 00001000 00001001 00001010 00001011 00001100 00001101 00001110 00001111 00100000 00100001 00100010 00100011 00100100 00100101 00100110 00100111 00101000 00101001 00101010 00101011 00101100 00101101 00101110 00101111 
48
0 16 32 48 
00110000
00000000 00010000 00100000 00110000 
49
0 1 16 17 32 33 48 49 
00110001
00000000 00000001 00010000 00010001 00100000 00100001 00110000 00110001 
50
0 2 16 18 32 34 48 50 
00110010
00000000 00000010 00010000 00010010 00100000 00100010 00110000 00110010 
51
0 1 2 3 16 17 18 19 32 33 34 35 48 49 50 51 
00110011
00000000 00000001 00000010 00000011 00010000 00010001 00010010 00010011 00100000 00100001 00100010 00100011 00110000 00110001 00110010 00110011 
52
0 4 16 20 32 36 48 52 
00110100
00000000 00000100 00010000 00010100 00100000 00100100 00110000 00110100 
53
0 1 4 5 16 17 20 21 32 33 36 37 48 49 52 53 
00110101
00000000 00000001 00000100 00000101 00010000 00010001 00010100 00010101 00100000 00100001 00100100 00100101 00110000 00110001 00110100 00110101 
54
0 2 4 6 16 18 20 22 32 34 36 38 48 50 52 54 
00110110
00000000 00000010 00000100 00000110 00010000 00010010 00010100 00010110 00100000 00100010 00100100 00100110 00110000 00110010 00110100 00110110 
55
0 1 2 3 4 5 6 7 16 17 18 19 20 21 22 23 32 33 34 35 36 37 38 39 48 49 50 51 52 53 54 55 
00110111
00000000 00000001 00000010 00000011 00000100 00000101 00000110 00000111 00010000 00010001 00010010 00010011 00010100 00010101 00010110 00010111 00100000 00100001 00100010 00100011 00100100 00100101 00100110 00100111 00110000 00110001 00110010 00110011 00110100 00110101 00110110 00110111 
56
0 8 16 24 32 40 48 56 
00111000
00000000 00001000 00010000 00011000 00100000 00101000 00110000 00111000 
57
0 1 8 9 16 17 24 25 32 33 40 41 48 49 56 57 
00111001
00000000 00000001 00001000 00001001 00010000 00010001 00011000 00011001 00100000 00100001 00101000 00101001 00110000 00110001 00111000 00111001 
58
0 2 8 10 16 18 24 26 32 34 40 42 48 50 56 58 
00111010
00000000 00000010 00001000 00001010 00010000 00010010 00011000 00011010 00100000 00100010 00101000 00101010 00110000 00110010 00111000 00111010 
59
0 1 2 3 8 9 10 11 16 17 18 19 24 25 26 27 32 33 34 35 40 41 42 43 48 49 50 51 56 57 58 59 
00111011
00000000 00000001 00000010 00000011 00001000 00001001 00001010 00001011 00010000 00010001 00010010 00010011 00011000 00011001 00011010 00011011 00100000 00100001 00100010 00100011 00101000 00101001 00101010 00101011 00110000 00110001 00110010 00110011 00111000 00111001 00111010 00111011 
60
0 4 8 12 16 20 24 28 32 36 40 44 48 52 56 60 
00111100
00000000 00000100 00001000 00001100 00010000 00010100 00011000 00011100 00100000 00100100 00101000 00101100 00110000 00110100 00111000 00111100 
61
0 1 4 5 8 9 12 13 16 17 20 21 24 25 28 29 32 33 36 37 40 41 44 45 48 49 52 53 56 57 60 61 
00111101
00000000 00000001 00000100 00000101 00001000 00001001 00001100 00001101 00010000 00010001 00010100 00010101 00011000 00011001 00011100 00011101 00100000 00100001 00100100 00100101 00101000 00101001 00101100 00101101 00110000 00110001 00110100 00110101 00111000 00111001 00111100 00111101 
62
0 2 4 6 8 10 12 14 16 18 20 22 24 26 28 30 32 34 36 38 40 42 44 46 48 50 52 54 56 58 60 62 
00111110
00000000 00000010 00000100 00000110 00001000 00001010 00001100 00001110 00010000 00010010 00010100 00010110 00011000 00011010 00011100 00011110 00100000 00100010 00100100 00100110 00101000 00101010 00101100 00101110 00110000 00110010 00110100 00110110 00111000 00111010 00111100 00111110 
63
0 1 2 3 4 5 6 7 8 9 10 11 12 13 14 15 16 17 18 19 20 21 22 23 24 25 26 27 28 29 30 31 32 33 34 35 36 37 38 39 40 41 42 43 44 45 46 47 48 49 50 51 52 53 54 55 56 57 58 59 60 61 62 63 
00111111
00000000 00000001 00000010 00000011 00000100 00000101 00000110 00000111 00001000 00001001 00001010 00001011 00001100 00001101 00001110 00001111 00010000 00010001 00010010 00010011 00010100 00010101 00010110 00010111 00011000 00011001 00011010 00011011 00011100 00011101 00011110 00011111 00100000 00100001 00100010 00100011 00100100 00100101 00100110 00100111 00101000 00101001 00101010 00101011 00101100 00101101 00101110 00101111 00110000 00110001 00110010 00110011 00110100 00110101 00110110 00110111 00111000 00111001 00111010 00111011 00111100 00111101 00111110 00111111 
64
0 64 
01000000
00000000 01000000 
65
0 1 64 65 
01000001
00000000 00000001 01000000 01000001 
66
0 2 64 66 
01000010
00000000 00000010 01000000 01000010 
67
0 1 2 3 64 65 66 67 
01000011
00000000 00000001 00000010 00000011 01000000 01000001 01000010 01000011 
68
0 4 64 68 
01000100
00000000 00000100 01000000 01000100 
69
0 1 4 5 64 65 68 69 
01000101
00000000 00000001 00000100 00000101 01000000 01000001 01000100 01000101 
70
0 2 4 6 64 66 68 70 
01000110
00000000 00000010 00000100 00000110 01000000 01000010 01000100 01000110 
71
0 1 2 3 4 5 6 7 64 65 66 67 68 69 70 71 
01000111
00000000 00000001 00000010 00000011 00000100 00000101 00000110 00000111 01000000 01000001 01000010 01000011 01000100 01000101 01000110 01000111 
72
0 8 64 72 
01001000
00000000 00001000 01000000 01001000 
73
0 1 8 9 64 65 72 73 
01001001
00000000 00000001 00001000 00001001 01000000 01000001 01001000 01001001 
74
0 2 8 10 64 66 72 74 
01001010
00000000 00000010 00001000 00001010 01000000 01000010 01001000 01001010 
75
0 1 2 3 8 9 10 11 64 65 66 67 72 73 74 75 
01001011
00000000 00000001 00000010 00000011 00001000 00001001 00001010 00001011 01000000 01000001 01000010 01000011 01001000 01001001 01001010 01001011 
76
0 4 8 12 64 68 72 76 
01001100
00000000 00000100 00001000 00001100 01000000 01000100 01001000 01001100 
77
0 1 4 5 8 9 12 13 64 65 68 69 72 73 76 77 
01001101
00000000 00000001 00000100 00000101 00001000 00001001 00001100 00001101 01000000 01000001 01000100 01000101 01001000 01001001 01001100 01001101 
78
0 2 4 6 8 10 12 14 64 66 68 70 72 74 76 78 
01001110
00000000 00000010 00000100 00000110 00001000 00001010 00001100 00001110 01000000 01000010 01000100 01000110 01001000 01001010 01001100 01001110 
79
0 1 2 3 4 5 6 7 8 9 10 11 12 13 14 15 64 65 66 67 68 69 70 71 72 73 74 75 76 77 78 79 
01001111
00000000 00000001 00000010 00000011 00000100 00000101 00000110 00000111 00001000 00001001 00001010 00001011 00001100 00001101 00001110 00001111 01000000 01000001 01000010 01000011 01000100 01000101 01000110 01000111 01001000 01001001 01001010 01001011 01001100 01001101 01001110 01001111 
80
0 16 64 80 
01010000
00000000 00010000 01000000 01010000 
81
0 1 16 17 64 65 80 81 
01010001
00000000 00000001 00010000 00010001 01000000 01000001 01010000 01010001 
82
0 2 16 18 64 66 80 82 
01010010
00000000 00000010 00010000 00010010 01000000 01000010 01010000 01010010 
83
0 1 2 3 16 17 18 19 64 65 66 67 80 81 82 83 
01010011
00000000 00000001 00000010 00000011 00010000 00010001 00010010 00010011 01000000 01000001 01000010 01000011 01010000 01010001 01010010 01010011 
84
0 4 16 20 64 68 80 84 
01010100
00000000 00000100 00010000 00010100 01000000 01000100 01010000 01010100 
85
0 1 4 5 16 17 20 21 64 65 68 69 80 81 84 85 
01010101
00000000 00000001 00000100 00000101 00010000 00010001 00010100 00010101 01000000 01000001 01000100 01000101 01010000 01010001 01010100 01010101 
86
0 2 4 6 16 18 20 22 64 66 68 70 80 82 84 86 
01010110
00000000 00000010 00000100 00000110 00010000 00010010 00010100 00010110 01000000 01000010 01000100 01000110 01010000 01010010 01010100 01010110 
87
0 1 2 3 4 5 6 7 16 17 18 19 20 21 22 23 64 65 66 67 68 69 70 71 80 81 82 83 84 85 86 87 
01010111
00000000 00000001 00000010 00000011 00000100 00000101 00000110 00000111 00010000 00010001 00010010 00010011 00010100 00010101 00010110 00010111 01000000 01000001 01000010 01000011 01000100 01000101 01000110 01000111 01010000 01010001 01010010 01010011 01010100 01010101 01010110 01010111 
88
0 8 16 24 64 72 80 88 
01011000
00000000 00001000 00010000 00011000 01000000 01001000 01010000 01011000 
89
0 1 8 9 16 17 24 25 64 65 72 73 80 81 88 89 
01011001
00000000 00000001 00001000 00001001 00010000 00010001 00011000 00011001 01000000 01000001 01001000 01001001 01010000 01010001 01011000 01011001 
90
0 2 8 10 16 18 24 26 64 66 72 74 80 82 88 90 
01011010
00000000 00000010 00001000 00001010 00010000 00010010 00011000 00011010 01000000 01000010 01001000 01001010 01010000 01010010 01011000 01011010 
91
0 1 2 3 8 9 10 11 16 17 18 19 24 25 26 27 64 65 66 67 72 73 74 75 80 81 82 83 88 89 90 91 
01011011
00000000 00000001 00000010 00000011 00001000 00001001 00001010 00001011 00010000 00010001 00010010 00010011 00011000 00011001 00011010 00011011 01000000 01000001 01000010 01000011 01001000 01001001 01001010 01001011 01010000 01010001 01010010 01010011 01011000 01011001 01011010 01011011 
92
0 4 8 12 16 20 24 28 64 68 72 76 80 84 88 92 
01011100
00000000 00000100 00001000 00001100 00010000 00010100 00011000 00011100 01000000 01000100 01001000 01001100 01010000 01010100 01011000 01011100 
93
0 1 4 5 8 9 12 13 16 17 20 21 24 25 28 29 64 65 68 69 72 73 76 77 80 81 84 85 88 89 92 93 
01011101
00000000 00000001 00000100 00000101 00001000 00001001 00001100 00001101 00010000 00010001 00010100 00010101 00011000 00011001 00011100 00011101 01000000 01000001 01000100 01000101 01001000 01001001 01001100 01001101 01010000 01010001 01010100 01010101 01011000 01011001 01011100 01011101 
94
0 2 4 6 8 10 12 14 16 18 20 22 24 26 28 30 64 66 68 70 72 74 76 78 80 82 84 86 88 90 92 94 
01011110
00000000 00000010 00000100 00000110 00001000 00001010 00001100 00001110 00010000 00010010 00010100 00010110 00011000 00011010 00011100 00011110 01000000 01000010 01000100 01000110 01001000 01001010 01001100 01001110 01010000 01010010 01010100 01010110 01011000 01011010 01011100 01011110 
95
0 1 2 3 4 5 6 7 8 9 10 11 12 13 14 15 16 17 18 19 20 21 22 23 24 25 26 27 28 29 30 31 64 65 66 67 68 69 70 71 72 73 74 75 76 77 78 79 80 81 82 83 84 85 86 87 88 89 90 91 92 93 94 95 
01011111
00000000 00000001 00000010 00000011 00000100 00000101 00000110 00000111 00001000 00001001 00001010 00001011 00001100 00001101 00001110 00001111 00010000 00010001 00010010 00010011 00010100 00010101 00010110 00010111 00011000 00011001 00011010 00011011 00011100 00011101 00011110 00011111 01000000 01000001 01000010 01000011 01000100 01000101 01000110 01000111 01001000 01001001 01001010 01001011 01001100 01001101 01001110 01001111 01010000 01010001 01010010 01010011 01010100 01010101 01010110 01010111 01011000 01011001 01011010 01011011 01011100 01011101 01011110 01011111 
96
0 32 64 96 
01100000
00000000 00100000 01000000 01100000 
97
0 1 32 33 64 65 96 97 
01100001
00000000 00000001 00100000 00100001 01000000 01000001 01100000 01100001 
98
0 2 32 34 64 66 96 98 
01100010
00000000 00000010 00100000 00100010 01000000 01000010 01100000 01100010 
99
0 1 2 3 32 33 34 35 64 65 66 67 96 97 98 99 
01100011
00000000 00000001 00000010 00000011 00100000 00100001 00100010 00100011 01000000 01000001 01000010 01000011 01100000 01100001 01100010 01100011 
100
0 4 32 36 64 68 96 100 
01100100
00000000 00000100 00100000 00100100 01000000 01000100 01100000 01100100 
